0.216075	0.047
0.216677	0.047
0.217278	0.047
0.217879	0.047
0.21848	0.047
0.21908	0.047
0.219702	0.047
0.220347	0.047
0.221015	0.047
0.221708	0.047
0.222427	0.047
0.223172	0.047
0.223944	0.047
0.224744	0.047
0.225574	0.047
0.226435	0.047
0.227326	0.047
0.228251	0.047
0.22921	0.047
0.230203	0.047
0.231234	0.047
0.232302	0.047
0.233409	0.047
0.234557	0.047
0.235747	0.047
0.23698	0.047
0.238259	0.047
0.239585	0.047
0.240959	0.047
0.242384	0.047
0.243861	0.047
0.245393	0.047
0.24698	0.047
0.248626	0.047
0.250332	0.047
0.252101	0.047
0.253935	0.047
0.255836	0.047
0.257807	0.047
0.25985	0.047
0.261968	0.047
0.264164	0.047
0.26644	0.047
0.2688	0.047
0.271246	0.047
0.273783	0.047
0.276412	0.047
0.279138	0.047
0.281964	0.047
0.284893	0.047
0.28793	0.047
0.291079	0.047
0.294343	0.047
0.297727	0.047
0.301235	0.047
0.304871	0.047
0.308642	0.047
0.31255	0.047
0.316602	0.047
0.320803	0.047
0.325157	0.047
0.329672	0.047
0.334352	0.047
0.339204	0.047
0.344234	0.047
0.349264	0.047
0.354353	0.047
0.359502	0.047
0.364711	0.047
0.36998	0.047
0.375312	0.047
0.380706	0.047
0.386163	0.047
0.391685	0.047
0.39727	0.047
0.402922	0.047
0.408639	0.047
0.414424	0.047
0.420276	0.047
0.426197	0.047
0.432187	0.047
0.438248	0.047
0.444379	0.047
0.450582	0.047
0.456858	0.047
0.463207	0.047
0.469631	0.047
0.47613	0.047
0.482705	0.047
0.489358	0.047
0.496088	0.047
0.502897	0.047
0.509785	0.047
0.516755	0.047
0.523806	0.047
0.53094	0.047
0.538157	0.047
0.545459	0.047
0.552846	0.047
0.56032	0.047
0.567882	0.047
0.575532	0.047
0.583271	0.047
0.591102	0.047
0.599024	0.047
0.607038	0.047
0.615147	0.047
0.623351	0.047
0.631651	0.047
0.640048	0.047
0.648543	0.047
0.657138	0.047
0.665834	0.047
0.674632	0.047
0.683532	0.047
0.692537	0.047
0.701648	0.047
0.710865	0.047
0.72019	0.047
0.729624	0.047
0.739169	0.047
0.748826	0.047
0.758596	0.047
0.76848	0.047
0.77848	0.047
0.0503092	0.047
0.0518201	0.047
0.0533638	0.047
0.054941	0.047
0.0565525	0.047
0.0581989	0.047
0.0598811	0.047
0.0615998	0.047
0.0633558	0.047
0.0651499	0.047
0.066983	0.047
0.0688559	0.047
0.0707694	0.047
0.0727245	0.047
0.074722	0.047
0.0767629	0.047
0.078848	0.047
0.0809785	0.047
0.0831552	0.047
0.0853792	0.047
0.0876514	0.047
0.089973	0.047
0.092345	0.047
0.0947684	0.047
0.0972445	0.047
0.0997744	0.047
0.102359	0.047
0.105	0.047
0.107641	0.047
0.110226	0.047
0.112755	0.047
0.115232	0.047
0.117655	0.047
0.120027	0.047
0.122349	0.047
0.124621	0.047
0.126845	0.047
0.129021	0.047
0.131152	0.047
0.133237	0.047
0.135278	0.047
0.137276	0.047
0.139231	0.047
0.141144	0.047
0.143017	0.047
0.14485	0.047
0.146644	0.047
0.1484	0.047
0.150119	0.047
0.151801	0.047
0.153448	0.047
0.155059	0.047
0.156636	0.047
0.15818	0.047
0.159691	0.047
0.16117	0.047
0.162617	0.047
0.164034	0.047
0.16542	0.047
0.166777	0.047
0.168105	0.047
0.169405	0.047
0.170678	0.047
0.171923	0.047
0.173142	0.047
0.174335	0.047
0.175502	0.047
0.176645	0.047
0.177764	0.047
0.178859	0.047
0.17993	0.047
0.180979	0.047
0.182005	0.047
0.18301	0.047
0.183993	0.047
0.184956	0.047
0.185898	0.047
0.186819	0.047
0.187722	0.047
0.188605	0.047
0.189469	0.047
0.190315	0.047
0.191144	0.047
0.191954	0.047
0.192747	0.047
0.193524	0.047
0.194284	0.047
0.195027	0.047
0.195755	0.047
0.196468	0.047
0.197165	0.047
0.197848	0.047
0.198516	0.047
0.199169	0.047
0.199809	0.047
0.200436	0.047
0.201049	0.047
0.201649	0.047
0.20225	0.047
0.202851	0.047
0.203452	0.047
0.204053	0.047
0.204654	0.047
0.205255	0.047
0.205857	0.047
0.206458	0.047
0.207059	0.047
0.20766	0.047
0.208261	0.047
0.208862	0.047
0.209463	0.047
0.210064	0.047
0.210665	0.047
0.211267	0.047
0.211868	0.047
0.212469	0.047
0.21307	0.047
0.213671	0.047
0.214272	0.047
0.214873	0.047
0.215474	0.047
0.216075	0.047
-0.100441	0.047
-0.0984148	0.047
-0.0963821	0.047
-0.0943429	0.047
-0.092297	0.047
-0.0902444	0.047
-0.0881852	0.047
-0.0861193	0.047
-0.0840467	0.047
-0.0819674	0.047
-0.0798813	0.047
-0.0777885	0.047
-0.0756889	0.047
-0.0735824	0.047
-0.0714691	0.047
-0.069349	0.047
-0.0672219	0.047
-0.065088	0.047
-0.0629471	0.047
-0.0607993	0.047
-0.0586445	0.047
-0.0564827	0.047
-0.0543139	0.047
-0.052138	0.047
-0.0499551	0.047
-0.0477651	0.047
-0.045568	0.047
-0.0433709	0.047
-0.04127	0.047
-0.039261	0.047
-0.0373399	0.047
-0.035503	0.047
-0.0337464	0.047
-0.0320668	0.047
-0.0304606	0.047
-0.0289248	0.047
-0.0274561	0.047
-0.0260518	0.047
-0.0247089	0.047
-0.0234248	0.047
-0.022197	0.047
-0.0210228	0.047
-0.0199001	0.047
-0.0188265	0.047
-0.0177998	0.047
-0.0168182	0.047
-0.0158795	0.047
-0.0149818	0.047
-0.0141235	0.047
-0.0133028	0.047
-0.0125179	0.047
-0.0117674	0.047
-0.0110498	0.047
-0.0103636	0.047
-0.00970739	0.047
-0.00907993	0.047
-0.00847993	0.047
-0.00787881	0.047
-0.0072777	0.047
-0.00667658	0.047
-0.00607547	0.047
-0.00547435	0.047
-0.00487324	0.047
-0.00427212	0.047
-0.00367101	0.047
-0.00306989	0.047
-0.00246878	0.047
-0.00186766	0.047
-0.00126655	0.047
-0.000665432	0.047
-6.43172e-005	0.047
0.000536798	0.047
0.00113791	0.047
0.00173903	0.047
0.00234014	0.047
0.00294126	0.047
0.00354237	0.047
0.00414349	0.047
0.0047446	0.047
0.00534572	0.047
0.00594684	0.047
0.00654795	0.047
0.00714907	0.047
0.00775018	0.047
0.0083513	0.047
0.0089513	0.047
0.00956432	0.047
0.0101907	0.047
0.0108306	0.047
0.0114844	0.047
0.0121524	0.047
0.012835	0.047
0.0135323	0.047
0.0142448	0.047
0.0149727	0.047
0.0157165	0.047
0.0164764	0.047
0.0172528	0.047
0.018046	0.047
0.0188565	0.047
0.0196845	0.047
0.0205306	0.047
0.021395	0.047
0.0222782	0.047
0.0231805	0.047
0.0241024	0.047
0.0250444	0.047
0.0260068	0.047
0.0269901	0.047
0.0279947	0.047
0.0290212	0.047
0.0300699	0.047
0.0311414	0.047
0.0322362	0.047
0.0333547	0.047
0.0344975	0.047
0.0356652	0.047
0.0368581	0.047
0.038077	0.047
0.0393223	0.047
0.0405947	0.047
0.0418947	0.047
0.0432229	0.047
0.04458	0.047
0.0459665	0.047
0.0473831	0.047
0.0488305	0.047
0.0503092	0.047
-0.100441	0.047
-0.10246	0.047
-0.104473	0.047
-0.10648	0.047
-0.10848	0.047
-0.11048	0.047
-0.112571	0.047
-0.114758	0.047
-0.117045	0.047
-0.119437	0.047
-0.121937	0.047
-0.124552	0.047
-0.127287	0.047
-0.130146	0.047
-0.133136	0.047
-0.136263	0.047
-0.139532	0.047
-0.142951	0.047
-0.146526	0.047
-0.150265	0.047
-0.154174	0.047
-0.158262	0.047
-0.162537	0.047
-0.167007	0.047
-0.171681	0.047
-0.176569	0.047
-0.181681	0.047
-0.187026	0.047
-0.192615	0.047
-0.198459	0.047
-0.204571	0.047
-0.210962	0.047
-0.217645	0.047
-0.224633	0.047
-0.231941	0.047
-0.239582	0.047
-0.247573	0.047
-0.255929	0.047
-0.264667	0.047
-0.273804	0.047
-0.282941	0.047
-0.292102	0.047
-0.301288	0.047
-0.310498	0.047
-0.319732	0.047
-0.328991	0.047
-0.338275	0.047
-0.347583	0.047
-0.356916	0.047
-0.366274	0.047
-0.375657	0.047
-0.385065	0.047
-0.394497	0.047
-0.403955	0.047
-0.413438	0.047
-0.422946	0.047
-0.43248	0.047
-0.442038	0.047
-0.451622	0.047
-0.461232	0.047
-0.470867	0.047
-0.480528	0.047
-0.490214	0.047
-0.499927	0.047
-0.509665	0.047
-0.519429	0.047
-0.529218	0.047
-0.539034	0.047
-0.548876	0.047
-0.558744	0.047
-0.568639	0.047
-0.578559	0.047
-0.588507	0.047
-0.59848	0.047
-0.60848	0.047
-0.61848	0.047
-0.62848	0.047
-0.63848	0.047
-0.64848	0.047
-0.65848	0.047
-0.66848	0.047
-0.67848	0.047
-0.68848	0.047
-0.69848	0.047
-0.70848	0.047
-0.71848	0.047
-0.72848	0.047
-0.73848	0.047
-0.74848	0.047
-0.75848	0.047
-0.76848	0.047
-0.77848	0.047
-0.78848	0.047
-0.79848	0.047
-0.80848	0.047
-0.81848	0.047
-0.82848	0.047
-0.83848	0.047
-0.84848	0.047
-0.85848	0.047
-0.86848	0.047
-0.87848	0.047
-0.88848	0.047
-0.89848	0.047
-0.90848	0.047
-0.91848	0.047
-0.92848	0.047
-0.93848	0.047
-0.94848	0.047
-0.95848	0.047
-0.96848	0.047
-0.97848	0.047
-0.98848	0.047
-0.99848	0.047
-1.00848	0.047
-1.01848	0.047
-1.02848	0.047
-1.03848	0.047
-1.04848	0.047
-1.05848	0.047
-1.06848	0.047
-1.07848	0.047
-1.08848	0.047
-1.09848	0.047
-1.10848	0.047