0.216063	3.01036e-005
0.216668	1.69337e-005
0.217272	7.5262e-006
0.217876	1.88157e-006
0.21848	1.73472e-017
0.21908	1.08896e-017
0.219702	1.09208e-017
0.220347	1.0953e-017
0.221015	1.09865e-017
0.221708	1.10212e-017
0.222427	1.10572e-017
0.223172	1.10945e-017
0.223944	1.11332e-017
0.224744	1.11733e-017
0.225574	1.12148e-017
0.226435	1.12579e-017
0.227326	1.13026e-017
0.228251	1.13489e-017
0.22921	1.13969e-017
0.230203	1.14466e-017
0.231234	1.14982e-017
0.232302	1.15517e-017
0.233409	1.16071e-017
0.234557	1.16646e-017
0.235747	1.17242e-017
0.23698	1.1786e-017
0.238259	1.185e-017
0.239585	1.19164e-017
0.240959	1.19852e-017
0.242384	1.20566e-017
0.243861	1.21306e-017
0.245393	1.22072e-017
0.24698	1.22867e-017
0.248626	1.23692e-017
0.250332	1.24546e-017
0.252101	1.25432e-017
0.253935	1.2635e-017
0.255836	1.27302e-017
0.257807	1.28289e-017
0.25985	1.29312e-017
0.261968	1.30373e-017
0.264164	1.31472e-017
0.26644	1.32612e-017
0.2688	1.33794e-017
0.271246	1.35019e-017
0.273783	1.36289e-017
0.276412	1.37606e-017
0.279138	1.38971e-017
0.281964	1.40386e-017
0.284893	1.41853e-017
0.28793	1.43374e-017
0.291079	1.4495e-017
0.294343	1.46585e-017
0.297727	1.48279e-017
0.301235	1.50036e-017
0.304871	1.51857e-017
0.308642	1.53745e-017
0.31255	1.55702e-017
0.316602	1.57731e-017
0.320803	1.59835e-017
0.325157	1.62016e-017
0.329672	1.64276e-017
0.334352	1.6662e-017
0.339204	1.6905e-017
0.344234	1.71568e-017
0.349264	1.74087e-017
0.354353	1.76636e-017
0.359502	1.79214e-017
0.364711	1.81822e-017
0.36998	1.84461e-017
0.375312	1.87131e-017
0.380706	1.89832e-017
0.386163	1.92565e-017
0.391685	1.9533e-017
0.39727	1.98127e-017
0.402922	2.00957e-017
0.408639	2.0382e-017
0.414424	2.06717e-017
0.420276	2.09647e-017
0.426197	2.12612e-017
0.432187	2.15612e-017
0.438248	2.18647e-017
0.444379	2.21717e-017
0.450582	2.24823e-017
0.456858	2.27966e-017
0.463207	2.31146e-017
0.469631	2.34362e-017
0.47613	2.37617e-017
0.482705	2.4091e-017
0.489358	2.44241e-017
0.496088	2.47611e-017
0.502897	2.51021e-017
0.509785	2.5447e-017
0.516755	2.5796e-017
0.523806	2.61491e-017
0.53094	2.65063e-017
0.538157	2.68678e-017
0.545459	2.72334e-017
0.552846	2.76033e-017
0.56032	2.79776e-017
0.567882	2.83562e-017
0.575532	2.87393e-017
0.583271	2.91269e-017
0.591102	2.9519e-017
0.599024	2.99157e-017
0.607038	3.03171e-017
0.615147	3.07231e-017
0.623351	3.11339e-017
0.631651	3.15496e-017
0.640048	3.19701e-017
0.648543	3.23955e-017
0.657138	3.28259e-017
0.665834	3.32613e-017
0.674632	3.37019e-017
0.683532	3.41476e-017
0.692537	3.45985e-017
0.701648	3.50547e-017
0.710865	3.55163e-017
0.72019	3.59833e-017
0.729624	3.64557e-017
0.739169	3.69337e-017
0.748826	3.74172e-017
0.758596	3.79065e-017
0.76848	3.84014e-017
0.77848	3.89022e-017
0.0416267	0.0296658
0.0429521	0.0294322
0.0443067	0.0291936
0.0456913	0.0289496
0.0471064	0.0287003
0.0485527	0.0284455
0.050031	0.028185
0.0515418	0.0279188
0.0530861	0.0276467
0.0546644	0.0273687
0.0562775	0.0270844
0.0579263	0.0267939
0.0596114	0.026497
0.0613338	0.0261936
0.0630942	0.0258834
0.0648934	0.0255664
0.0667323	0.0252424
0.0686118	0.0249112
0.0705328	0.0245728
0.0724963	0.0242268
0.074503	0.0238733
0.0765541	0.0235119
0.0786504	0.0231426
0.080793	0.0227651
0.0829828	0.0223792
0.0852211	0.0219849
0.0875087	0.0215818
0.0898468	0.0211699
0.0922365	0.0207488
0.094679	0.0203185
0.0971754	0.0198786
0.0997268	0.0194291
0.102335	0.0189696
0.105	0.0185
0.107665	0.0180304
0.110273	0.0175709
0.112825	0.0171214
0.115321	0.0166815
0.117763	0.0162512
0.120153	0.0158301
0.122491	0.0154182
0.124779	0.0150151
0.127017	0.0146208
0.129207	0.0142349
0.13135	0.0138574
0.133446	0.0134881
0.135497	0.0131267
0.137504	0.0127731
0.139467	0.0124272
0.141388	0.0120888
0.143268	0.0117576
0.145107	0.0114336
0.146906	0.0111166
0.148666	0.0108064
0.150389	0.010503
0.152074	0.0102061
0.153722	0.00991557
0.155336	0.00963134
0.156914	0.00935326
0.158458	0.00908118
0.159969	0.00881498
0.161447	0.00855452
0.162894	0.00829969
0.164309	0.00805037
0.165693	0.00780643
0.167048	0.00756775
0.168373	0.00733423
0.16967	0.00710576
0.170939	0.00688222
0.17218	0.0066635
0.173395	0.00644951
0.174583	0.00624014
0.175746	0.0060353
0.176883	0.00583487
0.177996	0.00563878
0.179085	0.00544692
0.18015	0.0052592
0.181193	0.00507553
0.182213	0.00489584
0.183211	0.00472002
0.184187	0.004548
0.185142	0.0043797
0.186077	0.00421503
0.186991	0.00405391
0.187886	0.00389628
0.188761	0.00374205
0.189618	0.00359115
0.190456	0.00344351
0.191276	0.00329906
0.192078	0.00315773
0.192863	0.00301945
0.19363	0.00288415
0.194382	0.00275178
0.195117	0.00262227
0.195836	0.00249555
0.19654	0.00237157
0.197228	0.00225027
0.197902	0.00213159
0.198561	0.00201547
0.199206	0.00190185
0.199837	0.0017907
0.200454	0.00168194
0.201058	0.00157553
0.201649	0.00147142
0.202244	0.00136844
0.20284	0.00126917
0.203437	0.00117361
0.204034	0.00108177
0.204631	0.000993651
0.20523	0.000909258
0.205828	0.000828592
0.206428	0.000751657
0.207027	0.000678456
0.207628	0.000608992
0.208228	0.000543267
0.208829	0.000481284
0.209431	0.000423046
0.210032	0.000368555
0.210634	0.000317812
0.211237	0.000270821
0.211839	0.000227581
0.212442	0.000188097
0.213045	0.000152368
0.213649	0.000120396
0.214252	9.21825e-005
0.214856	6.77288e-005
0.21546	4.70355e-005
0.216063	3.01036e-005
-0.100441	0.037
-0.0984148	0.037
-0.0963821	0.037
-0.0943429	0.037
-0.092297	0.037
-0.0902444	0.037
-0.0881852	0.037
-0.0861193	0.037
-0.0840467	0.037
-0.0819674	0.037
-0.0798813	0.037
-0.0777885	0.037
-0.0756889	0.037
-0.0735824	0.037
-0.0714691	0.037
-0.069349	0.037
-0.0672219	0.037
-0.065088	0.037
-0.0629471	0.037
-0.0607993	0.037
-0.0586445	0.037
-0.0564827	0.037
-0.0543139	0.037
-0.052138	0.037
-0.0499551	0.037
-0.0477651	0.037
-0.045568	0.037
-0.0433709	0.037
-0.04127	0.037
-0.039261	0.037
-0.0373399	0.037
-0.035503	0.037
-0.0337464	0.037
-0.0320668	0.037
-0.0304606	0.037
-0.0289248	0.037
-0.0274561	0.037
-0.0260518	0.037
-0.0247089	0.037
-0.0234248	0.037
-0.022197	0.037
-0.0210228	0.037
-0.0199001	0.037
-0.0188265	0.037
-0.0177998	0.037
-0.0168182	0.037
-0.0158795	0.037
-0.0149818	0.037
-0.0141235	0.037
-0.0133028	0.037
-0.0125179	0.037
-0.0117674	0.037
-0.0110498	0.037
-0.0103636	0.037
-0.00970739	0.037
-0.00907993	0.037
-0.00847993	0.037
-0.00787576	0.0369981
-0.00727161	0.0369925
-0.00666752	0.0369831
-0.00606349	0.0369699
-0.00545955	0.036953
-0.00485573	0.0369323
-0.00425206	0.0369078
-0.00364854	0.0368796
-0.00304522	0.0368476
-0.0024421	0.0368119
-0.00183922	0.0367724
-0.0012366	0.0367292
-0.000634257	0.0366822
-3.22198e-005	0.0366314
0.00056949	0.036577
0.00117085	0.0365187
0.00177183	0.0364567
0.00237242	0.036391
0.00297259	0.0363215
0.00357231	0.0362483
0.00417156	0.0361714
0.00477032	0.0360907
0.00536857	0.0360064
0.00596628	0.0359182
0.00656344	0.0358264
0.00716	0.0357308
0.00775596	0.0356316
0.0083513	0.0355286
0.0089422	0.0354245
0.00954614	0.0353181
0.0101634	0.0352093
0.0107943	0.0350981
0.0114391	0.0349845
0.0120982	0.0348684
0.0127718	0.0347497
0.0134603	0.0346284
0.0141639	0.0345045
0.0148831	0.0343777
0.0156182	0.0342482
0.0163695	0.0341158
0.0171374	0.0339806
0.0179222	0.0338423
0.0187244	0.0337009
0.0195442	0.0335565
0.0203822	0.0334089
0.0212387	0.033258
0.022114	0.0331037
0.0230087	0.0329461
0.0239231	0.032785
0.0248577	0.0326203
0.025813	0.032452
0.0267893	0.03228
0.0277872	0.0321042
0.0288071	0.0319245
0.0298495	0.0317408
0.0309149	0.0315531
0.0320039	0.0313612
0.0331168	0.0311651
0.0342544	0.0309647
0.035417	0.0307599
0.0366053	0.0305505
0.0378199	0.0303365
0.0390612	0.0301178
0.04033	0.0298942
0.0416267	0.0296658
-0.100441	0.037
-0.10246	0.037
-0.104473	0.037
-0.10648	0.037
-0.10848	0.037
-0.11048	0.037
-0.112571	0.037
-0.114758	0.037
-0.117045	0.037
-0.119437	0.037
-0.121937	0.037
-0.124552	0.037
-0.127287	0.037
-0.130146	0.037
-0.133136	0.037
-0.136263	0.037
-0.139532	0.037
-0.142951	0.037
-0.146526	0.037
-0.150265	0.037
-0.154174	0.037
-0.158262	0.037
-0.162537	0.037
-0.167007	0.037
-0.171681	0.037
-0.176569	0.037
-0.181681	0.037
-0.187026	0.037
-0.192615	0.037
-0.198459	0.037
-0.204571	0.037
-0.210962	0.037
-0.217645	0.037
-0.224633	0.037
-0.231941	0.037
-0.239582	0.037
-0.247573	0.037
-0.255929	0.037
-0.264667	0.037
-0.273804	0.037
-0.282941	0.037
-0.292102	0.037
-0.301288	0.037
-0.310498	0.037
-0.319732	0.037
-0.328991	0.037
-0.338275	0.037
-0.347583	0.037
-0.356916	0.037
-0.366274	0.037
-0.375657	0.037
-0.385065	0.037
-0.394497	0.037
-0.403955	0.037
-0.413438	0.037
-0.422946	0.037
-0.43248	0.037
-0.442038	0.037
-0.451622	0.037
-0.461232	0.037
-0.470867	0.037
-0.480528	0.037
-0.490214	0.037
-0.499927	0.037
-0.509665	0.037
-0.519429	0.037
-0.529218	0.037
-0.539034	0.037
-0.548876	0.037
-0.558744	0.037
-0.568639	0.037
-0.578559	0.037
-0.588507	0.037
-0.59848	0.037
-0.60848	0.037
-0.61848	0.037
-0.62848	0.037
-0.63848	0.037
-0.64848	0.037
-0.65848	0.037
-0.66848	0.037
-0.67848	0.037
-0.68848	0.037
-0.69848	0.037
-0.70848	0.037
-0.71848	0.037
-0.72848	0.037
-0.73848	0.037
-0.74848	0.037
-0.75848	0.037
-0.76848	0.037
-0.77848	0.037
-0.78848	0.037
-0.79848	0.037
-0.80848	0.037
-0.81848	0.037
-0.82848	0.037
-0.83848	0.037
-0.84848	0.037
-0.85848	0.037
-0.86848	0.037
-0.87848	0.037
-0.88848	0.037
-0.89848	0.037
-0.90848	0.037
-0.91848	0.037
-0.92848	0.037
-0.93848	0.037
-0.94848	0.037
-0.95848	0.037
-0.96848	0.037
-0.97848	0.037
-0.98848	0.037
-0.99848	0.037
-1.00848	0.037
-1.01848	0.037
-1.02848	0.037
-1.03848	0.037
-1.04848	0.037
-1.05848	0.037
-1.06848	0.037
-1.07848	0.037
-1.08848	0.037
-1.09848	0.037
-1.10848	0.037